C  box:  00 03 00 0c 00 00 00 00 00 02 20 24
C  act:  01 03 00 10 00 00 00 01 00 00 00 01 00 02 20 13
C  box:  08 03 00 0c 00 00 00 00 00 00 00 01
C  act:  08 03 00 0c 00 00 00 00 00 00 00 01
C  box:  03 03 00 10 00 00 00 01 00 00 00 02 00 00 00 00
         05 03 00 0c 00 00 00 01 00 00 00 00
C  act:  06 03 01 48 00 00 00 01 00 00 00 00 00 00 00 00 03 e8 02 00 00 00 00 02 00 00 12 80
            57 6f 68 6e 7a 69 6d 6d 65 72 5f 32 00 00 00 00 00 00 00 00 00 00 00 00 00 00 00
            00 00 00 00 00 00 00 00 00 00 00 00 00 00 00 00 00 00 00 00 00 00 00 00 00 00 00
            00 00 00 00 00 00 00 00 00 00 00 00 00 00 00 00 00 00 00 00 00 00 00 00 00 00 00
            00 0b 74 33 34 3a 33 31 3a 43 34 3a 44 30 3a 37 42 3a 35 39 00 00 00 30 36 2e 35
            30 00 00 00 00 00 00 00 00 00 00 00 00 00 00 00 00 00 00 00 00 00 00 02 03 e8 00
            00 00 00 00 a0 00 00 00 0f 00 04 00 00 00 00 00 01 00 00 00 23 00 08 00 00 00 00
            ff ff 00 00 00 00 00 00 00 25 00 40 00 00 00 00 03 e8 00 00 00 02 00 00 00 01 00
            00 00 14 00 00 00 05 00 00 00 00 00 00 00 00 00 00 00 0f 00 00 00 00 00 00 00 02
            00 00 00 01 00 00 00 03 00 00 00 00 00 00 00 00 00 00 00 0f 00 00 00 00 00 00 00
            12 00 04 00 00 ff ff d8 f1 00 00 00 13 00 04 00 00 ff ff d8 f1 00 00 00 14 00 04
            00 00 ff ff d8 f1 00 00 00 15 00 04 00 00 ff ff d8 f1 00 00 00 16 00 04 00 00 ff
            ff d8 f1
C  box:  03 03 00 10 00 00 00 01 00 00 12 80 03 e8 00 00
C  box:  03 03 00 10 00 00 00 01 00 00 00 02 00 00 00 00
         07 03 00 1c 00 00 00 01 03 e8 00 00 00 00 00 0c 00 00 00 1a 00 04 00 00 00 00 00 78
         07 03 00 1c 00 00 00 01 03 e8 00 00 00 00 00 0c 00 00 00 1b 00 04 00 00 00 00 00 78
         07 03 00 1c 00 00 00 01 03 e8 00 00 00 00 00 0c 00 00 00 1c 00 04 00 00 00 00 00 78
         07 03 00 1c 00 00 00 01 03 e8 00 00 00 00 00 0c 00 00 00 1d 00 04 00 00 00 00 00 78
         07 03 00 1c 00 00 00 01 03 e8 00 00 00 00 00 0c 00 00 00 1e 00 04 00 00 00 00 00 78
         07 03 00 1c 00 00 00 01 03 e8 00 00 00 00 00 0c 00 00 00 19 00 04 00 00 00 00 00 78
C  act:  07 03 00 1c 00 00 00 01 03 e8 00 00 00 00 00 0c 00 00 00 12 00 04 00 00 00 00 00 15
C  act:  07 03 00 1c 00 00 00 01 03 e8 00 00 00 00 00 0c 00 00 00 13 00 04 00 00 00 03 97 8c
C  act:  07 03 00 1c 00 00 00 01 03 e8 00 00 00 00 00 0c 00 00 00 14 00 04 00 00 00 00 00 00
C  act:  07 03 00 1c 00 00 00 01 03 e8 00 00 00 00 00 0c 00 00 00 15 00 04 00 00 00 01 fc 68
C  act:  07 03 00 1c 00 00 00 01 03 e8 00 00 00 00 00 0c 00 00 00 16 00 04 00 00 ff ff ff 07
C  act:  07 03 00 1c 00 00 00 01 03 e8 00 00 00 00 00 0c 00 00 00 0f 00 04 00 00 00 00 00 01

C  box:  07 03 00 1c 00 00 00 01 03 e8 00 00 00 00 00 0c 00 00 00 0f 00 04 00 00 00 00 00 00
C  act:  07 03 00 1c 00 00 00 01 03 e8 00 00 00 00 00 0c 00 00 00 0f 00 04 00 00 00 00 00 00
C  box:  07 03 00 1c 00 00 00 01 03 e8 00 00 00 00 00 0c 00 00 00 0f 00 04 00 00 00 00 00 01
C  act:  07 03 00 1c 00 00 00 01 03 e8 00 00 00 00 00 0c 00 00 00 0f 00 04 00 00 00 00 00 01
C  box:  08 03 00 0c 00 00 00 01 00 00 00 02
C  act:  08 03 00 0c 00 00 00 00 00 00 00 02
